001 tucax

111. 11. 172 etseq. 111. 2. 535.
81551111. 1.0101111111111111209.11 111. 111. 3. 537. 538.

1111.2.223.111.1.553.

111. 3. 231. 111. 5. 555.
8155. 13. 111. 1. 01 sanctissimo Eucharistiae sa· 1118. 513. 511.

1111111250111. 7. 512. 11111.
111). 2 131. 111. 8. 511. 517.

111. 3. 39¹1. 398. 197. 110. 8155. 22. 111. 1.1115111111111115511 175.
111. 1. 389 598. 111. 2. 527. 528.
111.5.105.111.3. 527. 528. 539. 533. 531.
111. 6. carcasensem.
111). 7. 051. 855. 1111. 6. 582.
11181111511111. 8111111111111111111111· ean. 7. 5511.

1111111. can. 8. 175.

8155. 13.111.1.1115111ο511111 Eucharistiae 51-111.9.118.117.11111. 518.
eramenta 258. 381. 8155. 23. 11111 1. 01 sacramente 01111115 132.
1112371372. 111. 2. 771.
, cau. 3. accusatorem. 11151811.
. 111. 1. 397. 398. 1111132.
111. 5. 57. 133. 811523. 111. 1. 772.
cau. 8. 2112. 105. 151. 185. 11112771.
ean. 7. 397. 39811111 ean. 3. 130. 11111.
ean. 8. 255. 255. 11511 111111. 1111111181. 111. 1. 772.λ ’
, 11119281. 11115. 773.
can. 19. 1111. 1. 81111115. can. 7. 788.
111.11.131.135.8155211111. 1.11 sacramentcttatrimnniiiii

¹ 815111111. 1. 0111111111111151111111111583 11112. aaa.

808. ceccaum. 11118815.
οὓ11 i.iti..tricticicertaturum. 1111111111.
sacramentis. · κ11118831.
111ὶὶὲὲ1ῗ1001ἐ111111111189. 595. 831. 533. 538. 111. 1}ng 815. 818.
. . . 111. . .
111. 5. 0101111551111590. 501. 877. 111. 8. 831.
111. 8. 111 1111151111115111011115588. ’ can. 10. 857. 858.
111. 8. 111 8111511111111721 111. 11. 889.
111. 9. 01 1111111551115111111115 717. 111112. 859.
815511111. 1. 111 doctrina extremae 1111011115 8155. 111111.1111111111111111111111111115111-
710. 750. mnnii 788. 792. 857. 11889.
111. 2. 783. 111. 3. 1111. 113115.

8155ρ15.51511.1.011111111111115111111111552 1150550 833
1111281. 111. 10851858.Ι
111. 3. 552 etseq. 1111 11 111111 1111111151· concinniter. 21111111111111811111.

1111 811111111111 1111111. 29. Accipite 81111- concio 511 terbum 1111111111,1111011111111·

turn 51111111.1111511011111115,1101111111111 11115151 ·-11
can. 1595. ’ 11111111,11111111111111111 sacramenti 111111
11115. 585. 881). · 111515511111111111111111110 51. 52. 51. 58. 81.
11118577. . 121. 122. 805. 800.
11117. 1111. 011111111111 151 caussa gratiae, et concurrit 11
111. 81811. , justificationem, quam sacramenta, ride haeream
ean. 0. 11111. absolutio. 111111111111111 88. 110111111511111111 99.

· 111. 18. 88. 1111 1. christianici 181111115. 1111111111 confutationem 81 uri 93. 97 119811
111112. 715. , 111811111111111 1111 111 1151101111 more can·
111113. ΕΞ). 721. 1113115111 immediate ctiicieudn sanctitatem. 11
can.5'. 11

8155111111. 1. 111 extremae Unctionis 5111111111-011111111511111111111111111111151111111111 721111)

11719. 759. 757. 758. ab 1111151511.
111 2. 7801 011111 111111111151111115111111 1111 303.

815521.0111151551111111111111111111111110111111151111115111111111511,11 nequependact
turin rerba Cainmuntn sab 111, 111 1111115511· ab intentione, 1111111111 sacramentalia 7811
1111115111111111111 310. 80.

8155. 22. 11111 1.11151111011111115511310751. 81111111151111111115111115,0111111110111111805.

752 concinnem 111111011151151151 caenam 51. 80.

1

i

 

