1 1 11 1 1 11 11 1111 1 11111. 111111 11111111 11 1 11 1 11 1 1 1 11111 11 11
1 11 111 1111111 1 11 1 11 11 1 11 1 1 11 ι 1 11 1 ι ι n 'e 1 v ι Δ ΙΙ
1 1 11 1 1 1 1 1 Ι 111 1 1 1 Ι1 1 1 11 1 1 v v! 1
ι 1 1 111ι1 1 1 1 1 1 “a'' 1 1 1111 ,11 1111 11 ΙΑ 11 11
1 1 1 1 1 11111111111111111111 1 , 1 1 1 ,111111 1 11 1 t
11 1 1 1 1 111 11 111 1 1 1111 . ι 1 1 11 11
1 1 1 ι 1 ι 1 Α 11μ111 1 Ι1ι1 ,ι r ,1 1111 1 11 1 1·- ,1 1 . 1 11 11
ι 1,. h 1 11 111111 1111 11 1 111 111 1 11 1111111 1.
11 111 1 1 1 1 1111111 11 111 111 1 111 11 ‚¹ 1 111 1. 111 111 , „ 11 ,1111111 1 1
1 1 1 1 1 11, 11 1 F ῃ 1 1η 11 111111 1111 111 Ι 111 1111 1114 11 111 11 Ι
,1 1 1 11 1-Ι111 1 1 Ι 11 11111 11 1 111 “lt'' ΙΙ 11. 1 ..1 111 Ι 11
11111 ι 11 fl 11 1 1 11111 11 11 111 1111 11 1 1 111 11 11 1111 1111 11111 11111
1 111 1 1 t 111 1 e 1 ff 1 - 1 1 111 1 Α Δ Ι
11 ι - 1 1 fl ,1 11 w ιι , h ι , 11 11 QG? 11 1 1 Ι ml! 1 1 1 11 1 1 , 11. w w Ι , 11υ 1 UH 1 1..1 . ιΑ
11 111 1 1 1 11 11 1 11 1 1 1
111 1 11 1111 1 1 1 1 Ι 1 1 Ι ΙΙ ,111 1 11 111 111 1111-- 11111 1111111 1 1 11 t -..1 t 1
1 1 1 1111 11 11 sp 1111 11 11 111 111 111 ⁴ 11 “fa'' 1 ,11- 1111 11111111 11111111 Ι fl 1111 , fl ⁴)
11 x 1 « 1 1 ι 1 11 1.1.1 11 1 1 , 1 11 1 11 Ι 11 111 1 1 1 1 1111 1 1 1 1 1111 11 1 1 1 11111 ι 1111 1 ι ι
, 1 11 1 11. 11111111 11ι ι ι ιΙ r 1111ιΙΙ111 111 1 1 1111111, 1111 1, 1 1. 11., 1111 1 11111. 111.1 11
111 1 11 11 1 Ι ,ιΙ 1 1111 11 1 1ι1 1 1 1 1 1 1 1 11 Ι 1 1 1 1 1 11 11 1 1 1 111, ,1111 v 0 1 11 0 ι 111 11 1 111 1 , θ1.101 , 11 11111 1 1
. Ι 111 11., 11 1, 1 §.v ΙΙ 1 111 1 1111 1111111111 11 1,.11 1 1111 11111 11111111 ux?
11 1 1 11 111 11 1 Ι 11 11 11 1 1 11 1 ι 1 1 1111 ΙΙ 11 11 t· 11111111 ''fl-1 ‘¹¹‘ 1111 ‘l' -.ΙΙ 111, 11 11 1111 11
1 1 11 1 11 1, 1 11

 

1111111111.- [qs-''¹:¹¹¹“ 1111111111 ‘'Ul-'fl 11111111

,11 1111111111 111Α111ι1111111 1111 111111 1111 ,1111 1 hm- 11111111ρι1 1 »1111111111 1 1111 ’naluit'

 

 

11111 111 Ι ΙΙ 111ι11111111ἱΙ11 1 11111111 ,1111111111111111111111
1111111 1 111111 1 1111111 11111 11111,1 1Ι 11 111 f 1111 . , .

  

111 111 11Ι.Ε 'bt‘ 11[.{'ffl!t.lfl 11Π111 111111- ι Ι
1 11 1111111111111111111 11111111 111111 11η 111 Ι 111111111ΝΙ1Ι11111111 1 a 1 Ι 1111111111,1-Ἶ1,1.

 

 

 

 

   

 

 

 

 

 

 

 

 

, 1111111111 111111111ῃὶ11 - 11
fl 11111111111111111 111 1111111111 11 1111111 1 11111 1111111 11 1111 , 1111111ξῇ1
1111111111 11111 1111111111 1111 1 11111311111111111111111 1111111111 111 Ι 111111
1 1111111111.1 1111111111 111-1141111111 111111 r 1111111111· 1.111)1Ᾰ .. ,1111
11119κι1111111ἓ Ᾱ1111Ι11 1υ111ΐ11 1,1,1111111ι,111ὒ1111111111111 11111ὒ11111ῤ1ι 1111111· 11111 1111 ,ΑῌΙς1 w! 11.]111
11 11111111 ,1111111111 111111111111111.1111111111111111 1Ι1ΙΙ11
1111111111 111111,1ι11,1111111,11111 11111111 1111111111 1111111111 11 llas, ι ,1111111111 'l
11111111 111 111 11111 1111111111 1. 111111111111 1111111111, Ι Ἰ 111111ι111111111111ι
1 [vib 11 1111111Ι1111Ρῖ1,11 . 11.111111Ι111111111Γ1Ι1111ν111,11111111111111111111
,111 1111111111Ὰ , 11111,11111111,11111Ι11111.1111111. 1111.. 1111111 11.110111111 ’.1111111111 1111111111 1111111110 'tt
111,11 11111111111111 11111111111 111111 1 111 s 111111111>1ῇ11ιι1
1 (11111111111111 (ila-skins! 1111 ι , 1 111-11. 11 1111116 1111111111 11111 ,11 1.,11111 11.1 111ιιι1.1 1.ι1,1η 11111Ι ι 111 1 1 111 1111111111
1111111111 11111111 1111111111 111, 1111111111 1114111111 11ιιι1Δ ιι,
[11111 111ὲ11111 111111 111111111111111111 1111111,ι11 11111111111111111-’11111111111111111111111111
1111111111 1111111111Ί 1, 111ι111111α11111.14 ..1111111111 1419111 1111111111111 1111111111 1Ἱ1ὟΙ.1111
, 1111111111 ι 11 111ῂ-«ῈΓΒ1111 1.111Ι111111111111111ϋ1ν1111111111ν11 Ι 74111111 1ὗμ11ὶκῒ11 *stidotl 01
,1111111111111Ι111111.11111111,1 1. . ι.. 1...ω1111ι11111 1111111Ἥιι111,11 1η111111 ι 111 111 εἳ
111 Ι Ι 11111111 111111 1111 111111ι11111111111 ξ.1ἱ.ιι1111.,1.ῥ11111111 §12³1oe
1111111111111111111141111111, F FU· ι ι fl, 11 ,ἶ111111 -.batt Ι fi . Jaeldlh'fv ιιι] 1 A. 11111. . 11111 1110 q! 111 111101 11.1 11.( e! ¹1⁴*
11111 ,11 1 1 1111 1111 1111111ι111λ.Ι 1 0 1111111111 111 1 11 11111111 141 1 ,11.-1111111111,
1111111111 111111 11 1.,1,11. 1111111.111111,1ΙΙΙ1.Ι1111 v Ut nl‹1 1 ν ,1101 1 11111.111111111,Ι
1111 11111111111111111111 11111 ι ,1. 11.111, U 11111 Νιῑ,1,η.8111.,ι.ο111 ,ιψ11111 11111 1111111 1111111111
1111111111 ,111 11..11 , 11 1111111,1 111 111111 141 11.-1111.. 11111 1111 11111 111 111 1,η1,1ιιι-ν
111111111111111111 111 111 1111111111 111111. 111 11111111 11.-111 1 ,1111111111 ,111 1 Ἰ11111111111Γ411111δ
11111111 1Ρ111111 ⁴. 1111 1 1111111111Α111111111,111111ιὶι1 1111 Ᾰ1ΙΙ11ιριιιΙ1 11Ι.1Ι.Δ 6011111111

 

